(0, 0): 5  (0, 1): 2  (1, 0): 3  (1, 1): 6  (2, 2): 11  
(0, 0): -5  (0, 1): 2  (1, 0): 3  (1, 1): -6  (2, 2): -3  
(0, 1): 12  (1, 0): 15  (2, 2): 28  
(0, 0): 1  (0, 1): 2  (1, 0): 3  (1, 1): 4  
(0, 0): -1  (0, 1): -2  (1, 0): -3  (1, 1): -4  

(0, 0): 1  (0, 1): 2  (1, 0): 3  (1, 1): 4  
(0, 0): 1  (0, 1): 2  (1, 0): 3  (1, 1): 4  

(0, 0): 0  (0, 1): 0  (1, 0): 0  (1, 1): 0  
(0, 0): 2  (0, 1): 4  (1, 0): 6  (1, 1): 8  
(0, 0): -7  (0, 1): -10  (1, 0): -15  (1, 1): -22  
(0, 0): 1  (1, 1): 2  
(0, 0): 1  (1, 1): -2  

(0, 0): 6  (0, 1): 8  (1, 0): 10  (1, 1): 12  
(0, 0): -4  (0, 1): -4  (1, 0): -4  (1, 1): -4  
(0, 0): 19  (0, 1): 22  (1, 0): 43  (1, 1): 50  
(0, 0): 0  
(0, 0): 12  (0, 1): 12  (1, 0): 20  (1, 1): 27  
